19 151 2 6 8
19 152 0 6 8
20 72 3 7 5
20 72 6 7 6
20 73 2 8 5
21 68 4 3 5
21 69 4 4 5
21 70 4 5 6
21 70 5 5 6
21 70 6 5 6
21 71 1 6 5
21 71 3 6 6
21 71 4 6 6
21 71 5 6 6
21 71 6 6 7
21 72 0 7 5
21 72 0 8 6
21 72 1 7 5
21 72 1 7 6
21 72 1 8 5
21 72 1 8 6
21 72 2 6 6
21 72 2 7 5
21 72 2 7 6
21 72 2 8 5
21 72 3 6 6
21 72 3 7 6
21 72 3 8 6
21 72 3 8 7
21 72 4 7 6
21 72 4 8 6
21 72 5 7 6
21 72 5 7 7
21 72 5 8 6
21 72 6 8 6
21 73 0 7 5
21 73 0 8 5
21 73 0 8 6
21 73 1 8 5
21 73 1 8 6
21 73 2 8 6
21 73 4 7 5
21 73 4 8 5
21 73 5 9 5
21 74 2 9 6
21 74 5 7 5
21 149 1 9 6
21 151 0 6 6
21 151 1 5 5
21 151 1 5 6
21 151 1 6 5
21 151 1 6 6
21 151 2 5 5
21 151 2 5 6
21 151 2 6 6
21 151 2 7 5
21 151 3 5 6
21 151 3 6 5
21 151 3 6 6
21 151 4 6 5
21 151 4 6 6
21 151 5 6 5
21 152 0 5 6
21 152 0 6 5
21 152 0 6 6
21 152 1 5 5
21 152 1 6 5
21 152 1 6 6
21 152 2 5 5
21 152 2 5 6
21 152 2 6 5
21 152 3 6 5
21 152 4 6 6
21 152 5 7 5
21 153 3 5 5
22 70 1 10 6
22 71 0 7 6
22 71 7 5 6
22 72 0 6 6
22 72 0 7 5
22 72 0 7 6
22 72 0 8 5
22 72 0 8 6
22 72 1 7 6
22 72 1 8 5
22 72 1 8 6
22 72 2 6 5
22 72 2 7 7
22 72 2 8 6
22 72 3 6 5
22 72 3 7 6
22 73 0 7 6
22 73 0 8 5
22 73 0 8 6
22 73 1 7 5
22 73 1 7 6
22 73 1 8 7
22 73 2 7 5
22 73 2 7 6
22 73 4 7 7
22 73 5 7 7
22 74 3 6 6
22 74 4 6 6
22 75 4 5 6
22 150 0 7 6
22 150 2 7 6
22 151 0 6 6
22 151 1 5 5
22 151 1 6 5
22 151 1 6 6
22 151 2 4 6
22 151 2 6 5
22 151 3 5 5
22 151 3 6 5
22 151 5 5 6
22 152 0 4 5
22 152 0 5 5
22 152 0 5 6
22 152 0 6 5
22 152 0 6 6
22 152 1 5 5
22 152 1 5 6
22 152 1 6 6
22 152 2 5 5
22 152 2 5 6
22 152 3 5 6
22 152 5 5 7
23 73 7 8 4
23 151 1 5 7
23 152 0 5 4
23 152 0 6 7
23 152 1 6 7
43 107 2 1 5
45 154 1 3 6
46 60 1 7 7
46 154 0 4 8
46 154 3 3 8
47 59 3 8 9
47 60 0 7 8
47 60 2 6 9
47 60 2 7 8
47 61 1 6 9
47 61 2 6 8
47 61 4 7 8
47 61 4 7 9
47 61 5 7 9
47 61 6 7 7
47 61 6 7 8
47 61 7 7 7
47 62 0 6 8
47 154 0 4 9
48 60 0 5 9
48 60 0 7 8
48 60 2 6 9
48 61 1 6 8
48 61 2 6 9
48 61 2 7 8
48 61 2 7 9
48 61 3 6 9
48 61 3 7 8
48 61 6 7 8
48 61 9 7 7
48 63 2 9 10
48 153 0 4 9
48 154 0 4 10
48 155 0 5 10
53 234 0 1 1
54 234 0 0 2
54 234 0 0 3
54 234 0 1 2
54 234 1 1 2
54 234 4 0 3
55 233 0 1 2
55 233 1 1 2
55 234 0 0 2
55 234 1 0 2
58 32 1 2 2
58 209 2 5 0
58 210 0 5 3
59 28 0 5 3
59 31 1 2 2
59 32 0 1 2
59 32 0 2 3
59 32 1 1 2
59 32 2 1 2
59 32 3 1 2
59 32 5 1 3
59 209 2 4 2
59 209 2 5 1
59 209 4 5 2
59 210 4 3 1
60 209 0 3 2
60 210 0 4 1
73 24 0 2 10
74 23 2 1 10
74 127 0 4 7
74 127 0 4 9
74 127 2 3 9
74 127 3 3 9
74 128 0 3 8
74 128 0 3 9
74 128 0 4 8
74 128 1 4 8
74 129 5 5 8
75 127 0 4 8
75 127 1 3 8
75 127 1 3 9
75 127 1 4 8
75 127 2 3 8
75 127 2 4 8
75 127 3 3 8
75 128 0 3 8
75 128 0 4 9
75 128 2 3 9
75 128 2 4 8
75 128 2 4 9
75 128 3 3 9
75 128 3 4 8
75 128 4 4 8
75 128 5 4 9
75 129 4 5 9
76 127 1 3 8
76 127 2 3 7
76 127 2 3 8
76 128 1 4 7
76 128 1 4 8
76 128 2 4 8
76 128 3 4 9
76 129 2 5 9
86 108 1 7 3
89 108 1 9 6
89 108 5 9 6
89 108 6 9 6
89 109 1 8 9
89 109 3 9 9
89 109 5 9 8
90 104 3 4 6
90 106 3 6 7
90 107 0 8 7
90 107 0 10 8
90 107 1 8 7
90 107 1 9 7
90 107 2 7 8
90 107 5 8 8
90 108 0 8 7
90 108 0 8 8
90 108 0 9 7
90 108 0 9 8
90 108 1 8 7
90 108 1 8 8
90 108 1 9 7
90 108 2 8 7
90 108 2 8 8
90 108 2 9 7
90 108 2 9 8
90 108 3 8 7
90 108 3 8 8
90 108 3 8 10
90 108 3 9 8
90 108 4 8 8
90 108 4 8 9
90 108 5 8 8
90 108 6 8 9
90 109 0 8 7
90 109 0 8 8
90 109 0 9 7
90 109 0 9 8
90 109 1 8 7
90 109 1 8 8
90 109 1 9 8
90 109 2 7 7
90 109 2 8 8
90 109 2 9 7
90 109 2 9 8
90 109 2 9 9
90 109 3 9 7
90 109 3 9 8
90 109 4 7 8
90 109 4 8 7
90 109 4 9 7
90 109 5 9 9
90 110 0 9 8
90 110 0 10 8
90 110 1 10 8
91 103 3 3 6
91 107 1 7 7
91 107 3 7 8
91 108 0 8 6
91 108 0 8 7
91 108 0 8 8
91 108 0 8 9
91 108 0 9 7
91 108 0 9 8
91 108 1 8 8
91 108 1 8 9
91 108 1 9 6
91 108 1 9 8
91 108 1 10 8
91 108 2 8 7
91 108 2 8 8
91 108 2 9 7
91 108 2 9 8
91 108 2 9 9
91 108 2 10 8
91 108 3 8 7
91 108 3 8 8
91 108 3 9 7
91 108 3 9 8
91 108 4 9 7
91 108 4 9 8
91 109 0 7 8
91 109 0 8 8
91 109 0 9 7
91 109 0 9 8
91 109 0 9 9
91 109 1 8 7
91 109 1 8 8
91 109 1 9 7
91 109 2 8 7
91 109 2 8 8
91 109 2 9 8
91 109 3 8 7
91 109 3 8 8
91 109 3 8 9
91 109 4 8 8
91 109 5 8 8
91 109 7 8 9
91 110 0 10 8
91 110 2 7 7
91 110 3 7 8
92 110 0 10 9
99 225 2 4 0
99 225 3 4 0
100 225 4 4 1
100 226 1 4 1
100 226 2 4 1
100 226 3 3 1
108 42 1 0 9
114 71 0 4 6
115 70 3 4 5
115 71 0 4 5
115 71 1 4 5
115 71 2 3 3
115 71 3 3 4
115 71 4 3 4
115 72 0 3 4
115 72 1 3 4
115 72 1 4 3
115 72 1 4 4
115 72 2 4 4
115 72 3 4 4
115 72 5 5 4
115 74 2 6 4
116 71 0 3 4
116 71 0 4 4
116 71 0 4 5
116 71 1 3 4
116 71 1 4 4
116 71 2 3 4
116 71 2 4 4
116 71 3 4 3
116 71 3 4 4
116 72 0 4 4
116 72 0 4 5
116 72 0 5 5
116 72 1 4 5
116 72 2 4 5
116 72 2 5 4
117 71 0 3 3
118 71 0 3 2
121 161 4 8 10
121 161 6 8 9
121 162 2 9 8
121 162 4 9 9
121 162 6 9 8
121 162 6 9 10
121 162 7 9 10
122 23 5 6 7
122 159 5 6 10
122 160 3 7 10
122 161 0 7 10
122 161 0 8 10
122 161 1 7 10
122 161 1 8 9
122 161 1 9 10
122 161 2 9 9
122 161 3 9 8
122 161 4 8 9
122 161 4 8 10
122 161 5 8 10
122 162 0 8 10
122 162 0 9 9
122 162 0 9 10
122 162 1 8 10
122 162 1 9 10
122 162 2 8 9
122 162 2 8 10
122 162 2 10 10
122 162 3 8 10
122 162 3 9 9
122 162 3 9 10
122 162 4 9 9
122 162 4 9 10
122 162 4 10 9
122 163 4 8 9
122 166 1 3 9
123 21 3 4 7
123 22 0 6 7
123 22 1 5 6
123 22 2 5 8
123 22 3 6 7
123 22 4 5 7
123 22 4 6 7
123 23 0 5 8
123 160 2 8 9
123 160 3 7 9
123 160 4 7 9
123 161 0 8 10
123 161 0 9 10
123 161 1 7 9
123 161 1 9 9
123 161 2 7 9
123 161 2 8 9
123 161 2 9 10
123 161 3 8 9
123 161 4 10 9
123 161 5 9 9
123 161 7 10 9
123 162 0 7 10
123 162 0 10 10
123 162 1 8 9
123 162 1 9 9
123 162 2 9 9
123 162 2 9 10
123 162 3 8 10
123 162 3 9 9
123 162 3 9 10
124 22 0 5 5
124 22 0 5 7
124 22 1 5 7
124 22 2 5 7
124 22 3 6 6
124 161 1 9 8
130 110 5 5 8
130 111 0 5 8
130 111 0 6 8
130 111 1 6 8
130 111 4 6 8
131 110 2 5 7
131 110 3 5 7
131 110 3 5 8
131 110 4 5 8
131 111 0 5 7
131 111 0 7 7
131 111 2 6 7
131 111 2 6 8
131 111 3 6 8
133 199 1 0 9
134 199 0 1 8
148 22 4 6 5
149 21 2 4 7
149 21 5 5 7
149 22 0 6 7
149 71 0 3 3
150 21 3 6 6
152 72 4 3 6
153 41 1 6 0
153 70 1 5 10
153 71 1 4 7
153 71 2 4 7
153 71 2 4 8
153 72 2 3 7
154 70 0 3 8
154 70 0 4 8
154 70 0 5 8
154 70 0 5 9
154 70 1 5 9
154 70 2 4 9
154 70 2 5 8
154 70 2 5 9
154 71 0 4 8
154 71 0 4 9
154 71 0 5 8
154 71 0 5 9
154 71 0 6 8
154 71 1 4 8
154 71 1 5 8
154 71 2 4 8
154 71 2 5 8
154 72 1 4 8
155 70 0 4 9
155 70 0 5 8
155 70 1 4 8
155 70 1 5 8
155 70 2 4 8
155 70 3 6 8
155 71 0 3 8
155 71 0 4 8
155 71 0 5 9
155 71 0 5 10
155 71 0 6 9
155 71 1 3 8
155 71 1 5 9
155 71 2 5 9
155 71 3 5 8
156 70 2 4 7
156 71 0 5 6
156 71 0 5 10
156 71 2 5 10
157 70 1 4 6
157 70 2 4 6
160 70 1 3 3
160 70 2 4 3
170 191 0 6 6
170 192 0 5 6
170 192 1 5 8
170 192 2 5 7
170 193 1 4 6
171 191 0 6 7
171 191 1 5 8
171 191 1 6 7
171 191 3 5 6
171 192 1 5 7
171 192 2 5 8
171 192 5 6 6
171 193 3 4 7
172 191 0 5 8
172 191 0 6 7
172 191 0 6 8
172 191 2 6 6
172 191 2 6 7
172 192 5 5 7
173 42 0 10 9
173 43 0 9 8
173 43 0 9 9
173 43 1 9 9
173 43 2 9 9
173 44 0 8 8
173 44 2 7 8
173 44 2 9 9
173 45 0 7 8
173 45 0 8 8
173 45 2 7 8
174 42 0 10 8
174 42 1 10 9
174 42 2 10 9
174 43 0 9 10
174 43 2 8 9
174 43 4 9 10
174 44 2 9 9
174 44 3 9 9
174 44 4 8 9
174 44 5 8 9
174 45 1 8 8
174 45 3 7 9
183 31 1 0 4
183 31 2 0 4
183 82 1 1 1
183 82 2 1 1
184 81 0 1 3
184 81 1 1 3
184 81 2 0 3
184 81 3 0 2
184 81 7 0 3
184 82 0 0 3
184 82 0 1 2
184 82 1 0 2
184 82 1 1 2
184 82 2 1 2
184 82 3 1 2
184 82 4 1 2
184 82 6 2 2
185 81 1 1 2
185 81 2 1 2
185 81 3 0 3
185 81 4 1 2
185 82 0 0 2
185 82 1 0 2
189 162 1 3 5
189 162 3 3 4
189 163 2 4 5
190 163 1 4 6
190 163 3 4 6
190 163 5 4 7
191 162 0 2 7
191 162 0 3 7
191 163 1 4 7
191 163 2 4 7
191 163 3 4 7
191 163 5 3 6
191 163 6 3 6
192 163 1 4 8
198 123 2 8 6
199 122 3 7 5
199 122 5 8 5
199 123 1 7 5
199 123 1 8 4
199 123 1 8 5
199 123 2 7 5
199 123 2 8 5
199 123 3 7 5
199 123 3 8 5
199 124 2 7 5
199 127 1 3 4
200 120 0 10 6
200 120 2 10 5
200 121 2 8 5
200 122 0 8 6
200 122 1 7 5
200 122 1 8 4
200 122 1 8 5
200 123 0 7 5
200 123 0 8 4
200 123 1 7 4
200 123 1 7 5
200 123 2 7 4
200 124 0 6 4
203 222 0 2 1
204 222 0 2 2
206 223 4 2 4
208 42 1 4 3
209 46 0 8 5
209 46 3 8 4
209 47 0 8 3
209 48 0 10 4
209 112 0 1 1
209 222 0 3 6
209 222 0 4 7
209 222 0 4 8
209 222 1 4 7
209 222 2 3 7
209 223 0 2 8
209 223 0 3 7
209 224 0 1 7
210 46 0 8 4
210 46 0 9 4
210 47 0 8 4
210 221 0 4 7
210 221 2 5 7
210 222 0 4 8
211 45 2 10 5
211 47 2 8 4
211 48 2 7 4
211 220 5 5 6
211 223 1 4 9
225 192 0 0 0
225 193 0 1 1
225 194 0 2 0
225 194 0 2 1
225 194 1 2 1
225 194 1 3 1
225 194 2 2 1
225 194 3 2 1
225 195 0 3 1
225 195 1 3 0
225 195 1 3 1
225 195 2 3 1
225 195 4 2 0
225 195 4 3 1
225 195 5 3 1
226 194 0 3 1
226 194 1 3 0
226 194 1 3 1
226 195 1 2 1
226 195 3 2 1
226 195 4 2 1
226 195 5 2 1
228 140 3 7 10
228 144 0 4 10
229 141 2 7 9
230 141 0 6 8
235 81 1 4 2
235 81 1 4 3
235 81 1 5 2
235 81 2 4 2
235 81 2 4 3
235 81 2 5 2
235 81 3 4 2
235 81 5 5 3
235 82 0 4 2
235 82 0 5 2
235 82 0 5 3
235 82 2 5 3
235 82 4 5 2
235 84 1 7 4
235 85 0 8 4
236 81 0 4 3
236 81 3 4 3
236 82 1 4 3
236 82 1 5 3
236 82 3 5 3
236 156 0 2 0
236 156 0 2 1
236 156 1 2 1
236 156 2 2 1
236 156 3 3 0
